103.025599007
-539.555762445
32.6406554128
66.2272042832
19.2393151982
27.8062221716
25.4078978366
30.5029688566
97.0724615498
25.7052774205
18.1654192778
31.5445133907
40.8698855782
29.0834721882
29.5241982831
89.6229210333
165.591075845
18.9573134793
35.7280977021
103.094994237
23.7768175358
29.4093362232
36.2822969083
19.0541374078
22.990516725
30.3175849075
25.595713903
5.94838893435
19.0955724237
50.9913265509
25.4057814919
94.5680023078
16.5577343741
35.7273406427
23.8974841279
39.432159766
33.4527518206
27.9562672483
25.3968454919
101.112892444
38.0061308831
31.5246576513
31.6141794
93.9692307764
50.8666712764
187.775076467
88.2014512266
32.8007585408
161.300112689
24.9678412428
27.6629277745
18.1785740912
39.1553404177
31.1787556425
26.6090399686
20.0318793789
26.2563964396
29.314182496
13.0565719805
71.4830925072
35.960442137
24.4853692731
21.8347719397
36.979956947
32.7435477851
35.1514510103
284.653894449
39.0245126217
1.52910068382
31.9935396605
92.0683039367
37.6669695225
104.594028567
