27.4866269529
33.6080840072
27.1325319455
106.856240006
26.0224226157
173.337142413
29.855992506
26.9029291075
103.214153793
101.83023608
72.0712912054
95.7418453899
101.817635793
28.7166004848
22.413578102
102.172500404
104.432679676
34.6346566398
25.2924773376
23.7548992118
95.2802337271
104.689091493
14.3236389494
27.73221194
22.8966032198
28.7401004969
20.6080771154
97.7586314472
29.9031520846
99.3563635339
33.3864064149
19.5485659291
20.9363421774
94.2874919072
232.545169472
99.7915696246
24.6552484643
27.232891296
37.6343521051
62.1847848083
87.6315598288
31.6105978121
102.72605839
102.570745617
76.8646217425
88.6615088949
65.423802734
99.3060917054
68.2100211078
152.489241277
94.5225324848
2567.88024163
105.06575275
97.877662766
161.357142662
93.6308233273
31.2866329899
32.4462255515
28.7293140123
22.869602645
21.574499198
24.8649806832
32.8468097309
27.4040678168
26.4224351104
24.951702824
34.6278536608
24.534478539
29.8662279629
92.6043468678
30.5349608433
21.7446515352
79.3082923452
92.151634236
37.1980057837
99.3327774678
169.778679149
100.232676155
95.7078433658
101.534204309
140.665668603
39.9114001242
27.2637848044
31.3593660732
31.0761082776
30.0183631153
106.083718259
-0.274223386273
110.801624793
258.494799023
107.222696928
103.325787593
97.8306670722
67.1484381308
174.49756525
128.594617155
42.4083498746
138.10439746
174.140998324
80.0575860228
3555.28949952
111.626318665
100.007750145
83.7370784922
91.2050295942
112.850181922
95.2518061115
83.8351627802
104.7010765
94.8031399803
93.2812464198
100.00228758
96.7898864815
80.5093440572
102.303966891
25.4711343357
19.9595558827
30.0201861459
20.7830050064
31.9919910639
33.1597898214
89.6396772214
-919.05864974
94.478781045
93.4439749452
87.5727947588
29.6588351299
81.4269365615
92.3234877072
45.985188783
189.639013752
91.0839446044
93.8077010605
91.4252348963
93.1120100325
72.4622711268
40.1166348497
98.4231808148
52.9585792211
27.9272859018
20.828513812
86.3281697959
4323.06326712
181.104384197
101.956057797
222.606934705
163.674312675
4290.91499683
91.2312386955
157.232456963
174.459932612
95.4255050428
73.2857480137
214.482740005
182.591628285
169.582966394
65.487608425
100.099926461
96.7406374777
85.4365364722
160.382756262
101.204566505
103.129821693
99.4021707382
76.7244302358
104.084388914
175.360541511
103.523971278
95.2941789828
97.7202051347
94.8580828104
27.7277378596
91.6845473684
144.857523282
27.1307285002
101.092773444
85.9569029495
93.8806497892
26.3027548968
26.7210496778
31.4258185288
21.7779961025
89.4816181559
84.0794666005
83.3561747181
144.206853518
80.0322575154
94.1257609382
33.2411790533
169.373754775
77.0447649648
26.31791419
1610.45188466
28.4050466887
104.834130741
183.495306553
86.1832757911
98.3534408177
60.2446569547
177.653071078
