30.1443512678
18.3878575156
22.9256986911
17.4866333132
15.1674932033
19.9943862037
23.0754602043
24.4091863342
20.9125601929
15.0677332678
21.8671511255
20.9755265094
22.321387934
18.2141592754
18.8858393318
10.4213129082
15.5767996925
14.5244331989
25.0930651295
20.8308765346
14.6495013309
21.5980134403
20.6816625321
27.0791999917
17.4454337167
20.5666222718
19.307868297
19.8469164783
21.210018222
26.0202713192
16.2989040909
19.5603259547
20.0700675294
17.7033664226
27.1961332818
27.2915701099
24.3228003844
18.483019898
17.2604146009
20.6608174632
18.9794662676
19.1371022412
23.4775903332
18.6424137815
21.0835021382
19.0911558854
14.7522385778
23.7041163974
26.4379659024
25.7791636292
24.9500765349
19.7770962205
16.4535831399
10.7459782855
17.9685213568
13.7411719475
14.2744506917
18.2141578462
22.9656498268
20.9676209446
12.7402587182
15.6683765794
27.3742018186
18.8971307201
26.2890605657
10.4213126215
11.2186373144
16.9703185562
18.361763603
21.26856538
18.2141598865
20.4230880076
19.2620836122
23.9976710339
25.0930656116
23.0860895398
25.8701309264
21.5734128767
22.8245507796
21.2619361617
18.6470132416
14.3386276043
25.2420439144
18.8858381618
18.4830185952
25.3045313693
23.8602769023
25.7568634624
20.5712703202
22.6893765067
20.9782895482
24.1374975196
21.8180941305
13.1825061982
21.3785751356
16.4843041915
14.9407704774
12.666221109
24.9566498338
26.6259937993
25.9783927104
19.091157958
18.2166625577
18.4830187412
15.0226637704
14.7820942896
16.3830211775
27.4239227445
24.4706745289
21.2685616808
16.4229007566
20.2048181649
26.0127160949
21.4496829597
19.251488813
17.4551095531
12.7101830612
18.6458543327
14.1783802929
21.5072893344
20.4230880076
20.8153247393
23.0631031946
18.2230605885
20.9505427496
19.8424701078
18.5532123229
26.6508438045
21.3260607418
20.5962880355
23.5569271816
27.3567828258
26.7570019949
25.021173772
17.4628454527
23.9535056056
11.1636544722
20.160391503
10.9857234638
10.7769727836
12.8247963251
14.3393058046
19.4806662782
16.796897955
12.5546804801
18.2141583284
20.2273602935
23.670676527
23.3248566085
25.6868745194
25.0737456516
24.3791587942
21.3762256138
18.8858384756
19.7600489883
15.5767996657
14.4117699683
21.4072792564
15.5991949864
14.783996514
16.2829923386
20.4230881663
21.3980195956
22.6184190321
23.5952304796
24.917379537
24.0826498539
19.8972404099
21.0223895471
19.2788329191
11.3292794099
23.0506516878
17.6085171619
24.9584377795
18.5649774508
19.3598326279
24.0672866799
21.6670635898
20.5716051116
17.5744414305
17.5616681471
19.3022983164
19.0911585868
28.43641993
24.4591148596
15.5193994683
18.6350492572
28.1964409028
13.2656624555
16.127391099
20.2273576042
14.4523184586
14.7883745245
17.398692547
23.5232648915
21.5339572467
26.4379658333
23.4911737515
26.0127160949
18.6350484409
23.3974378001
24.5638623456
22.9580846902
20.4230880076
23.2419289746
11.5319506134
13.2305037386
12.2657671769
15.3382149892
14.2550929081
24.4522531571
15.4751834402
18.361763603
26.4753476163
21.6073703219
11.0268471183
19.8652931614
27.6788895453
25.5899694211
5.19769989932
18.6350502711
19.0911584829
14.6602913276
19.3022995644
20.4230880076
23.3847736905
18.9840280169
18.6424137815
11.2186386757
25.1924584636
25.9014241533
21.6455085362
22.1002725868
10.4654044497
10.5405111168
20.0484746957
21.9613470772
18.6350482836
-2.39578673508
21.7118299535
15.2893643306
24.2482717586
21.9695075842
18.9169118653
16.9262391523
23.0002096424
25.6521029365
22.1663639043
18.895261031
15.7841883156
24.916938824
24.1991412347
15.4196102173
24.0257624411
23.8501535204
27.1150626188
11.2186380261
24.379158683
22.808580586
27.1175207059
26.2458626873
19.0918394781
20.3678191516
15.4196106532
14.268311156
22.3605889751
23.0024897994
21.977529613
22.7527295065
20.7451892056
22.2112336351
23.6640062382
17.9879831944
22.8815043899
20.2048176465
22.6194316698
19.091157958
21.8896223498
27.4449675575
19.4755899876
20.3502155786
-1.25606342264
16.9075718637
17.1022808397
13.9894521289
27.6126156241
18.770088329
17.2345291239
18.6350496599
18.0202879332
18.2166631957
21.8089407666
11.2186383308
21.150987076
24.0103092699
15.9987877362
12.2487193117
16.0060446984
15.2819814688
24.299169783
27.5371653564
24.0672866799
18.2141592483
20.2641362612
22.5564421785
13.8874560365
16.8636218967
15.784189956
22.6322277055
4.73339662649
18.6458522339
14.5177277023
24.5172604487
24.0257625049
14.202050034
19.3645620625
13.5128879492
16.2306241766
22.9266390193
23.3251012538
24.5049047073
25.8244604928
17.1580154324
25.7117306361
20.7750135297
20.4230875332
18.6350482086
18.1874601244
18.6424129699
14.0216513915
18.2141593566
18.6350493902
20.176128996
19.8685466307
15.5613456288
22.4252830657
24.2358887468
21.6869796365
18.5347405104
19.3022992054
10.7338009048
25.2121618439
25.717479835
25.7554346403
18.7679292596
17.2113694175
23.9928618523
13.9868694021
25.875117704
22.9660618899
25.9392646479
23.1310069272
21.8740731682
14.3386282354
28.5461190342
1.2228609828234767
1.2558781441041447
1.3189707238436768
2.8893439552336986
5.589645386214443
5.720128606294793
6.2111972846232675
6.745678434517231
7.912473349580523
8.116329736860962
8.798016919238535
9.542180723032743
10.595802012938748
10.74439870969195
11.028820644050938
12.31241685935106
13.072010090453887
14.14511858670653
14.347724141468461
14.431761192380918
14.455134900985058
15.596982560967945
15.675568112034398
15.976368653827421
16.04727819597815
16.047279544198773
16.091701757166447
16.726846524801203
16.809040680361022
16.818609775184086
16.907480300465068
17.026322117307927
17.555719328396663
17.685787464359464
17.750131066862878
17.761063837213896
17.841827020283745
17.858512632211387
17.898681801990506
18.690235854462117
18.96498289004421
19.05425205736583
19.13769518703839
19.413477166342545
19.57656154017195
19.698928136886707
19.709767413356758
19.864629594273538
20.009371763976333
20.089838938826688
20.460563508403993
20.556979692158393
20.56253391642349
20.593984700022702
20.72011986843563
20.81825849467441
20.913022697885935
20.967498038686017
20.991489483960322
21.04450543265034
21.16079609763824
21.312982367844597
21.43338906228837
21.561195529969837
21.561385938612148
21.74594815149476
21.771321202539184
21.802645572088977
21.82807635235781
21.99631985267456
22.13699117737542
22.19747583704134
22.3611645039
22.471813304354782
22.530134394023435
22.54599723215506
22.628922777880234
22.635645205383526
22.720232869054144
22.75894191462703
22.798291050260787
22.82929039872033
22.83138438855576
22.90953349541269
22.98174954513115
23.020651355747987
23.083177125886778
23.14789025207574
23.280927862168483
23.326601089465157
23.39408778765801
23.58001629461296
23.646714155179097
23.725902362175702
23.772910354089618
23.88785776281952
23.91178988277602
24.00392939226481
24.024965434288333
24.042869145932627
24.086208903129773
24.094510416708317
24.102622449294813
24.187986788437684
24.209999298368757
24.267730076302087
24.36248537436518
24.496326987750308
24.61498682765614
24.691217215762435
24.783305637467038
24.819617071559605
24.835238854772797
24.859126956825094
25.00188873427942
25.005265331176133
25.097305011391654
25.118725218394275
25.184975671495522
25.28124125967952
25.30732592823597
25.308724044527708
25.399840686748348
25.460320620156153
25.54996946894562
25.640761873090014
25.702223114522667
25.76376465995645
25.86610890635029
25.87865921841785
26.009925176807428
26.023997763370744
26.075398051438697
26.085425932646103
26.123584674411177
26.145477943144897
26.199066634920882
26.23293533934975
26.242092617005483
26.30290228844933
26.311133092198816
26.587081982484506
26.58938796092434
26.592976244802458
26.60406734038861
26.608220868059334
26.634991081090675
26.720275950011455
27.081647574636463
27.0944417048795
27.12564964746616
27.226102102237064
27.268116104409046
27.28842636943864
27.31498877816034
27.339262871884557
27.4587017026347
27.465147377546828
27.467499639549487
27.476930334040617
27.493319751788476
27.505087514105753
27.546088789437135
27.565096651085923
27.610993704550765
27.61128898276388
27.65278636770404
27.691319372254384
27.78822382308431
27.8204216483432
27.83120783898994
27.86141025505526
27.93494965195964
27.94503105106037
27.982477528230902
28.09347433512744
28.118405527547793
28.12236401049472
28.147869246364053
28.152751268594102
28.15370381259254
28.15922196415454
28.193899033151638
28.219350149019647
28.28682775692414
28.475450255488795
28.545574063247614
28.575307984701112
28.631357662726487
28.681835615984937
28.691151849921198
28.87017004593963
28.8711223457301
28.872509366694658
28.875853124844753
28.882095140192405
28.90461619313669
28.943656502607382
28.959048053532115
28.97544604268751
28.97716469048987
28.993255375635727
29.205497393369114
29.226659704216218
29.229153863087276
29.240452237253294
29.267474522935117
29.294167705244718
29.328755948099797
29.402287726281656
29.41232557789135
29.437946594115374
29.46861458120111
29.492486086583995
29.602040914102417
29.63653839270546
29.64281520645045
29.67021958830128
29.67221957355582
29.677323990129935
29.69026938536922
29.69614772397449
29.76425879506087
29.768882369859966
29.77702777715308
29.807143723477793
29.844006230845253
29.855033832229537
29.865046125157505
29.87342062910875
29.91830782082434
29.932140314667777
29.965376667832516
29.991232605215146
30.02401812603057
30.05543632546005
30.092616761184217
30.1119169793908
30.128141928056266
30.144398164176664
30.2051664759515
30.211208407267122
30.311411175191324
30.325305352618443
30.34108666630368
30.353034564124073
30.357925294404822
30.385182629275278
30.4539589515814
30.56010537256475
30.5707176509095
30.589417069565798
30.592450549261685
30.627355221370863
30.718236931980982
30.734096817430782
30.756783104811575
30.80108202101883
30.809852569698705
30.84625426540265
30.94707992024223
30.95435690567433
30.962836728286447
31.11628074611508
31.18953566656569
31.192063418302496
31.26140860829355
31.301067911735572
31.37807893698914
31.379388523426087
31.460559356081603
31.518305472908423
31.558668091922982
31.625869824341407
31.74352305657544
31.748819635761947
31.852580901657348
31.857342033171335
31.914832723797872
31.91785071430263
31.93475256763554
31.934754269852647
31.945122332080473
31.98494831100811
31.99115144377356
31.997101172109296
32.010478457546014
32.012813816129665
32.064545207504125
32.086732516590246
32.13248450395645
32.149585206757365
32.16108095547452
32.17852926145292
32.19189556253559
32.19672594568101
32.20485970877439
32.256454009844674
32.30199783016633
32.42734880315879
32.449086377936965
32.451707990173645
32.46372243650194
32.467329244716666
32.50384690360329
32.5040561537412
32.53746940393512
32.53751937002039
32.78319193889274
32.79750597870452
32.811119089609974
32.84545835445533
32.871451598181466
32.94452161599793
32.959956544499846
32.9917100290088
33.2138283323452
33.226289028981455
33.283128583220105
33.306704422571784
33.37423284444753
33.41603527445318
33.4384973840165
33.48947109728692
33.500384217858254
33.502446439692676
33.5071315526352
33.527991919792385
33.54011096988893
33.671955426630575
33.706616713577205
33.79899380011943
33.875042627631274
33.897677709606114
33.94977011491983
33.963071262424364
34.1172582394895
34.147257502325374
34.25467959954631
34.271897125578334
34.29361952888098
34.31309725312963
34.31813839964411
34.35334379777055
34.36109587856254
34.52498143556613
34.69293741082038
34.84414031571032
34.894594036900344
34.94719256526628
34.96346886978222
35.02477300400233
35.105156940695224
35.122917964408316
35.137492140812356
35.24926973667198
35.2861335415555
35.286566067774174
35.35290371927522
35.40044180029486
35.43213328599154
35.781079628600764
35.78288437984179
35.84817133730394
35.88124927095919
35.89055819339819
35.938494092407836
35.939948897801514
35.9424682239337
35.983123790327454
35.99438503576539
35.99716491153413
36.109173030153215
36.169704554819646
36.23300690907263
36.26026103720551
36.31182622016786
36.3431185917143
36.43012780823392
36.4973457907945
36.59955935802623
36.964030234194524
37.01902173419626
37.12964365168409
37.256125205238504
37.39504091218873
37.402670602197986
37.64281094924809
37.776670819296896
37.79401212046059
37.81517530203041
37.83776569051497
37.94857550863003
37.99425712862376
38.029368449442245
38.2370808341002
38.25526839164786
38.357943812939766
38.360160272068924
38.45255737302978
38.50784456385372
38.56740642422642
38.56741177628169
38.80846738607579
38.92048254143742
38.98974695069387
39.123568644228044
39.18238764489479
39.23953887271796
39.38685349741854
39.62859892270353
39.65161250031338
39.68085650612852
39.69195208428505
39.76512532148604
39.766786282810926
39.841167471978906
39.99723864068551
40.12485518589938
40.171236905125625
40.313812991569876
40.5884917175822
40.62159004184218
40.759273892314695
40.90404398807459
40.906905399461266
41.18471078094558
41.20652302704866
41.23532437296399
41.592530532194814
41.91907204292079
42.28137272372146
42.38651844826359
42.59851014271658
42.77658268447226
42.79233111440794
43.27616800046849
43.46037773254534
43.55376667610676
43.66083682747217
44.00883703099635
44.46929631347621
45.227601311074295
45.31896931647361
46.745295624873734
48.75157433827212
49.804112825414904
1.2228609828234767
1.2558781441041447
1.3189707238436768
2.8893439552336986
5.589645386214443
5.720128606294793
6.2111972846232675
6.745678434517231
7.912473349580523
8.116329736860962
8.798016919238535
9.542180723032743
10.595802012938748
10.74439870969195
11.028820644050938
12.31241685935106
13.072010090453887
14.14511858670653
14.347724141468461
14.431761192380918
14.455134900985058
15.596982560967945
15.675568112034398
15.976368653827421
16.04727819597815
16.047279544198773
16.091701757166447
16.726846524801203
16.809040680361022
16.818609775184086
16.907480300465068
17.026322117307927
17.555719328396663
17.685787464359464
17.750131066862878
17.761063837213896
17.841827020283745
17.858512632211387
17.898681801990506
18.690235854462117
18.96498289004421
19.05425205736583
19.13769518703839
19.413477166342545
19.57656154017195
19.698928136886707
19.709767413356758
19.864629594273538
20.009371763976333
20.089838938826688
20.460563508403993
20.556979692158393
20.56253391642349
20.593984700022702
20.72011986843563
20.81825849467441
20.913022697885935
20.967498038686017
20.991489483960322
21.04450543265034
21.16079609763824
21.312982367844597
21.43338906228837
21.561195529969837
21.561385938612148
21.74594815149476
21.771321202539184
21.802645572088977
21.82807635235781
21.99631985267456
22.13699117737542
22.19747583704134
22.3611645039
22.471813304354782
22.530134394023435
22.54599723215506
22.628922777880234
22.635645205383526
22.720232869054144
22.75894191462703
22.798291050260787
22.82929039872033
22.83138438855576
22.90953349541269
22.98174954513115
23.020651355747987
23.083177125886778
23.14789025207574
23.280927862168483
23.326601089465157
23.39408778765801
23.58001629461296
23.646714155179097
23.725902362175702
23.772910354089618
23.88785776281952
23.91178988277602
24.00392939226481
24.024965434288333
24.042869145932627
24.086208903129773
24.094510416708317
24.102622449294813
24.187986788437684
24.209999298368757
24.267730076302087
24.36248537436518
24.496326987750308
24.61498682765614
24.691217215762435
24.783305637467038
24.819617071559605
24.835238854772797
24.859126956825094
25.00188873427942
25.005265331176133
25.097305011391654
25.118725218394275
25.184975671495522
25.28124125967952
25.30732592823597
25.308724044527708
25.399840686748348
25.460320620156153
25.54996946894562
25.640761873090014
25.702223114522667
25.76376465995645
25.86610890635029
25.87865921841785
26.009925176807428
26.023997763370744
26.075398051438697
26.085425932646103
26.123584674411177
26.145477943144897
26.199066634920882
26.23293533934975
26.242092617005483
26.30290228844933
26.311133092198816
26.587081982484506
26.58938796092434
26.592976244802458
26.60406734038861
26.608220868059334
26.634991081090675
26.720275950011455
27.081647574636463
27.0944417048795
27.12564964746616
27.226102102237064
27.268116104409046
27.28842636943864
27.31498877816034
27.339262871884557
27.4587017026347
27.465147377546828
27.467499639549487
27.476930334040617
27.493319751788476
27.505087514105753
27.546088789437135
27.565096651085923
27.610993704550765
27.61128898276388
27.65278636770404
27.691319372254384
27.78822382308431
27.8204216483432
27.83120783898994
27.86141025505526
27.93494965195964
27.94503105106037
27.982477528230902
28.09347433512744
28.118405527547793
28.12236401049472
28.147869246364053
28.152751268594102
28.15370381259254
28.15922196415454
28.193899033151638
28.219350149019647
28.28682775692414
28.475450255488795
28.545574063247614
28.575307984701112
28.631357662726487
28.681835615984937
28.691151849921198
28.87017004593963
28.8711223457301
28.872509366694658
28.875853124844753
28.882095140192405
28.90461619313669
28.943656502607382
28.959048053532115
28.97544604268751
28.97716469048987
28.993255375635727
29.205497393369114
29.226659704216218
29.229153863087276
29.240452237253294
29.267474522935117
29.294167705244718
29.328755948099797
29.402287726281656
29.41232557789135
29.437946594115374
29.46861458120111
29.492486086583995
29.602040914102417
29.63653839270546
29.64281520645045
29.67021958830128
29.67221957355582
29.677323990129935
29.69026938536922
29.69614772397449
29.76425879506087
29.768882369859966
29.77702777715308
29.807143723477793
29.844006230845253
29.855033832229537
29.865046125157505
29.87342062910875
29.91830782082434
29.932140314667777
29.965376667832516
29.991232605215146
30.02401812603057
30.05543632546005
30.092616761184217
30.1119169793908
30.128141928056266
30.144398164176664
30.2051664759515
30.211208407267122
30.311411175191324
30.325305352618443
30.34108666630368
30.353034564124073
30.357925294404822
30.385182629275278
30.4539589515814
30.56010537256475
30.5707176509095
30.589417069565798
30.592450549261685
30.627355221370863
30.718236931980982
30.734096817430782
30.756783104811575
30.80108202101883
30.809852569698705
30.84625426540265
30.94707992024223
30.95435690567433
30.962836728286447
31.11628074611508
31.18953566656569
31.192063418302496
31.26140860829355
31.301067911735572
31.37807893698914
31.379388523426087
31.460559356081603
31.518305472908423
31.558668091922982
31.625869824341407
31.74352305657544
31.748819635761947
31.852580901657348
31.857342033171335
31.914832723797872
31.91785071430263
31.93475256763554
31.934754269852647
31.945122332080473
31.98494831100811
31.99115144377356
31.997101172109296
32.010478457546014
32.012813816129665
32.064545207504125
32.086732516590246
32.13248450395645
32.149585206757365
32.16108095547452
32.17852926145292
32.19189556253559
32.19672594568101
32.20485970877439
32.256454009844674
32.30199783016633
32.42734880315879
32.449086377936965
32.451707990173645
32.46372243650194
32.467329244716666
32.50384690360329
32.5040561537412
32.53746940393512
32.53751937002039
32.78319193889274
32.79750597870452
32.811119089609974
32.84545835445533
32.871451598181466
32.94452161599793
32.959956544499846
32.9917100290088
33.2138283323452
33.226289028981455
33.283128583220105
33.306704422571784
33.37423284444753
33.41603527445318
33.4384973840165
33.48947109728692
33.500384217858254
33.502446439692676
33.5071315526352
33.527991919792385
33.54011096988893
33.671955426630575
33.706616713577205
33.79899380011943
33.875042627631274
33.897677709606114
33.94977011491983
33.963071262424364
34.1172582394895
34.147257502325374
34.25467959954631
34.271897125578334
34.29361952888098
34.31309725312963
34.31813839964411
34.35334379777055
34.36109587856254
34.52498143556613
34.69293741082038
34.84414031571032
34.894594036900344
34.94719256526628
34.96346886978222
35.02477300400233
35.105156940695224
35.122917964408316
35.137492140812356
35.24926973667198
35.286133541555
